Вариант 14:
f(x) = x + 0.5
lambda = -0.5
H(x, y) = e^(x * y)
Составная формула средних прямоугольников

Метод замены ядра на вырожденное:

          h   n   Невязка
0   0.10000   8  0.125894
1   0.10000   9  0.125896
2   0.10000  10  0.125896
3   0.01000   8  0.012783
4   0.01000   9  0.012784
5   0.01000  10  0.012784
6   0.00100   8  0.001278
7   0.00100   9  0.001280
8   0.00100  10  0.001280
9   0.00010   8  0.000127
10  0.00010   9  0.000128
11  0.00010  10  0.000128
12  0.00001   8  0.000011
13  0.00001   9  0.000013
14  0.00001  10  0.000013


Метод механических квадратур:

     n   Невязка
0   10  0.029316
1   20  0.013483
2   30  0.008749
3   50  0.005139
4  100  0.002529
5  200  0.001255
